1 0 0 
0 1 0 
0 0 1 
0.332596 0.334466 0.332938 
0.664398 0.000225318 0.335376 
0.000362577 0.334329 0.665309 
0.664384 0.33535 0.000266297 
0.332588 0.000763792 0.666648 
0.330666 0.666832 0.00250224 
0.00121828 0.664694 0.334088 
0.776625 0.112751 0.110624 
0.109175 0.112488 0.778337 
0.442977 0.111802 0.44522 
0.109125 0.778041 0.112834 
0.222013 0.224234 0.553753 
0.556006 0.220791 0.223203 
0.443903 0.445058 0.11104 
0.221776 0.555656 0.222569 
0.112037 0.444679 0.443284 
0.776602 0.00106354 0.222334 
0.220485 0.113533 0.665982 
0.219434 0.000869466 0.779697 
0.444821 0.333721 0.221458 
0.219428 0.779155 0.00141736 
0.553154 0.000531829 0.446314 
0.888352 0.00212612 0.109522 
0.444361 0.223303 0.332335 
0.665667 0.222242 0.11209 
7.50025e-06 0.77585 0.224142 
0.00118324 0.446226 0.552591 
0.333871 0.555003 0.111127 
0.886883 0.112841 0.000276164 
0.553177 0.112238 0.334586 
0.112048 0.666662 0.22129 
0.109147 0.889378 0.00147488 
0.44574 0.554006 0.00025372 
0.331308 0.445471 0.22322 
0.665025 0.110139 0.224837 
0.332259 0.113576 0.554165 
0.109153 0.00113504 0.889712 
0.112059 0.555661 0.33228 
0.112065 0.333673 0.554262 
0.109164 0.223844 0.666992 
0.555994 0.331798 0.112207 
0.331944 0.223232 0.444823 
0.222245 0.333539 0.444216 
0.221544 0.446351 0.332105 
0.773733 0.226128 0.000138102 
0.00135846 0.555374 0.443268 
0.220838 0.667417 0.111745 
0.442295 0.0030125 0.554692 
0.000507644 0.888686 0.110806 
0.00107311 0.110698 0.888229 
0.554578 0.442472 0.00294973 
0.000292552 0.225009 0.774699 
0.257571 0.0379394 0.70449 
0.294989 0.0763898 0.628621 
0.405538 0.407958 0.186504 
0.183149 0.187853 0.628997 
0.7028 0.147131 0.150069 
0.0752294 0.518568 0.406203 
0.146134 0.149357 0.704508 
0.702699 0.0356928 0.261608 
0.405714 0.186721 0.407565 
0.0348146 0.814986 0.150199 
0.258116 0.372629 0.369255 
0.926412 0.0390216 0.0345661 
0.0347783 0.151427 0.813795 
0.258453 0.592606 0.148941 
0.0759434 0.629162 0.294894 
0.481364 0.371582 0.147053 
0.371218 0.593542 0.0352404 
0.739199 0.186082 0.0747192 
0.517059 0.0738531 0.409088 
0.18244 0.0746441 0.742916 
0.29555 0.628744 0.0757056 
0.813597 0.0395469 0.146856 
0.51794 0.294976 0.187084 
0.144607 0.81623 0.0391633 
0.700604 0.261076 0.0383199 
0.0767717 0.406807 0.516421 
0.0364841 0.702547 0.260969 
0.368116 0.0398688 0.592015 
0.813785 0.150072 0.0361428 
0.0742027 0.739744 0.186054 
0.295706 0.518559 0.185735 
0.0741433 0.0743316 0.851525 
0.0363648 0.371384 0.592251 
0.405638 0.298187 0.296174 
0.256682 0.151225 0.592093 
0.367215 0.261462 0.371323 
0.518075 0.185708 0.296218 
0.257779 0.704768 0.0374531 
0.0743269 0.298503 0.62717 
0.294833 0.186589 0.518578 
0.850415 0.0765089 0.0730761 
0.0382918 0.591346 0.370362 
0.480488 0.148982 0.37053 
0.148885 0.480928 0.370187 
0.629232 0.0728909 0.297877 
