0.977639 0.0111803 0.0111803 
0.96127 0.0290474 0.00968246 
0.95 0.0125 0.0375 
1 0.0591608 0.0073951 
0.932918 0.0251558 0.0419263 
0.925838 0.0463512 0.0278107 
0.919377 0.0100778 0.0705448 
0.913397 0.0811899 0.00541266 
0.907805 0.0403355 0.0518599 
0.902532 0.0670092 0.0304587 
0.89753 0.019213 0.0832565 
0.892762 0.0871309 0.0201071 
0.888197 0.0349386 0.0768648 
0.88381 0.0653566 0.0508329 
0.879584 0.007526 0.11289 
0.875501 0.120608 0.00389059 
0.871548 0.060212 0.0682403 
0.867712 0.0950817 0.0372059 
0.863985 0.0297532 0.106261 
0.860358 0.117823 0.0218191 
0.856822 0.0492175 0.0939607 
0.853371 0.0870608 0.0595679 
0.85 0.0140625 0.135937 
0.846703 0.138925 0.0143716 
0.843475 0.0635882 0.0929366 
0.840313 0.104795 0.0548925 
0.837212 0.0254357 0.137353 
0.834169 0.129556 0.0362756 
0.831181 0.0474805 0.121339 
0.828244 0.0912452 0.0805105 
0.825358 0.00545758 0.169185 
0.822518 0.174709 0.00277316 
0.819722 0.0873219 0.0929556 
0.81697 0.134413 0.0486174 
0.814258 0.0435332 0.142209 
0.811586 0.161919 0.0264958 
0.80895 0.0686585 0.122391 
0.806351 0.118005 0.0756442 
0.803786 0.0214609 0.174753 
0.801254 0.183219 0.015527 
0.798754 0.0849007 0.116345 
0.796285 0.136871 0.0668441 
0.793845 0.0354329 0.170722 
0.791433 0.166201 0.0423651 
0.78905 0.0626258 0.148324 
0.786693 0.116652 0.0966549 
0.784361 0.0101081 0.205531 
0.782055 0.207729 0.0102162 
0.779773 0.0997904 0.120437 
0.777514 0.156435 0.0660505 
0.775278 0.0456467 0.179075 
0.773064 0.187931 0.0390046 
0.770871 0.0751829 0.153946 
0.768699 0.133721 0.09758 
0.766548 0.0182385 0.215214 
0.764416 0.209817 0.025767 
0.762303 0.0928505 0.144847 
0.760208 0.153616 0.0861751 
0.758132 0.0340126 0.207855 
0.756074 0.186756 0.0571702 
0.754033 0.0653351 0.180632 
0.752008 0.127871 0.120121 
0.75 0.00390625 0.246094 
0.748008 0.250023 0.00196869 
0.746031 0.125 0.128968 
0.74407 0.189948 0.0659819 
0.742124 0.0624543 0.195422 
0.740192 0.225302 0.0345057 
0.738275 0.0961022 0.165623 
0.736371 0.162708 0.10092 
0.734482 0.0311154 0.234403 
0.732605 0.248594 0.0188012 
0.730742 0.115697 0.153561 
0.728891 0.184269 0.0868395 
0.727053 0.0490451 0.223902 
0.725227 0.221106 0.0536665 
0.723414 0.0842724 0.192314 
0.721612 0.154418 0.12397 
0.719821 0.0153223 0.264856 
0.718043 0.270943 0.011014 
0.716275 0.13078 0.152946 
0.714518 0.20296 0.0825222 
0.712772 0.0605872 0.226641 
0.711036 0.241556 0.0474081 
0.709311 0.0976533 0.193036 
0.707596 0.17133 0.121073 
0.705891 0.025275 0.268834 
0.704196 0.265761 0.0300426 
0.702511 0.118531 0.178959 
0.700834 0.19399 0.105175 
0.699168 0.0446548 0.256177 
0.69751 0.233957 0.0685328 
0.695862 0.0831628 0.220975 
0.694222 0.160056 0.145722 
0.692591 0.00720489 0.300204 
0.690969 0.301788 0.00724291 
0.689356 0.148042 0.162603 
0.68775 0.226869 0.0853808 
0.686153 0.071106 0.242741 
0.684564 0.268614 0.0468226 
0.682983 0.111451 0.205566 
0.681409 0.191652 0.126938 
0.679844 0.0325159 0.28764 
0.678286 0.294067 0.0276473 
0.676735 0.133852 0.189413 
0.675192 0.215693 0.109115 
0.673657 0.0535407 0.272803 
0.672128 0.258711 0.0691605 
0.670607 0.0952153 0.234178 
0.669092 0.17838 0.152528 
0.667585 0.012985 0.31943 
0.666084 0.315655 0.018261 
0.66459 0.149362 0.186048 
0.663102 0.234249 0.102648 
0.661622 0.0660895 0.272289 
0.660147 0.278786 0.0610673 
0.658679 0.109329 0.231992 
0.657217 0.195493 0.147289 
0.655762 0.0242043 0.320034 
0.654312 0.305177 0.0405103 
0.652869 0.132886 0.214245 
0.651431 0.220579 0.12799 
0.65 0.0464844 0.303516 
0.648574 0.266315 0.0851109 
0.647154 0.090968 0.261878 
0.64574 0.179898 0.174362 
0.644332 0.00277866 0.35289 
0.642929 0.355677 0.00139481 
0.641531 0.177834 0.180635 
0.640139 0.26849 0.091371 
0.638752 0.0889008 0.272347 
0.637371 0.315884 0.0467452 
0.635995 0.13508 0.228925 
0.634623 0.226933 0.138443 
0.633258 0.0444102 0.322332 
0.631897 0.343659 0.0244444 
0.630541 0.160195 0.209264 
0.62919 0.253483 0.117327 
0.627844 0.0683255 0.30383 
0.626503 0.302007 0.0714897 
0.625167 0.115671 0.259162 
0.623835 0.210123 0.166042 
0.622508 0.0221187 0.355373 
0.621186 0.365496 0.0133177 
0.619868 0.176702 0.20343 
0.618555 0.272673 0.108771 
0.617247 0.0822321 0.300521 
0.615943 0.322548 0.0615092 
0.614643 0.130961 0.254396 
0.613348 0.228064 0.158588 
0.612057 0.0348543 0.353089 
0.61077 0.351219 0.0380107 
0.609488 0.15712 0.233392 
0.608209 0.255582 0.136209 
0.606935 0.059881 0.333184 
0.605665 0.306534 0.0878011 
0.604399 0.109717 0.285883 
0.603137 0.209283 0.18758 
0.601879 0.0108861 0.387234 
0.600625 0.391574 0.00780028 
0.599375 0.192488 0.208137 
0.598129 0.293554 0.108317 
0.596887 0.0929049 0.310208 
0.595649 0.34591 0.0584414 
0.594414 0.144173 0.261413 
0.593183 0.246315 0.160502 
0.591956 0.0430359 0.365008 
0.590732 0.375695 0.0335727 
0.589512 0.171571 0.238917 
0.588296 0.275005 0.136699 
0.587084 0.0693571 0.343559 
0.585874 0.328389 0.0857369 
0.584669 0.121679 0.293652 
0.583467 0.226165 0.190369 
0.582268 0.0179494 0.399783 
0.581073 0.397654 0.0212736 
0.579881 0.188725 0.231394 
0.578693 0.294586 0.126721 
0.577507 0.0841684 0.338324 
0.576326 0.3492 0.074474 
0.575147 0.137745 0.287108 
0.573972 0.244633 0.181395 
0.5728 0.0317063 0.395494 
0.571631 0.379843 0.0485262 
0.570465 0.166109 0.263426 
0.569303 0.274233 0.156464 
0.568144 0.0590429 0.372814 
0.566987 0.329834 0.103179 
0.565834 0.113629 0.320537 
0.564684 0.222759 0.212557 
0.563537 0.0051148 0.431348 
0.562393 0.432479 0.00512821 
0.561252 0.214233 0.224516 
0.560114 0.32476 0.115127 
0.558978 0.105087 0.335934 
0.557846 0.381703 0.0604507 
0.556717 0.161036 0.282247 
0.55559 0.272548 0.171862 
0.554467 0.0504706 0.395063 
0.553346 0.413504 0.0331501 
0.552228 0.190653 0.257119 
0.551112 0.30335 0.145538 
0.55 0.0791016 0.370898 
0.54889 0.36124 0.0898695 
0.547783 0.136018 0.316198 
0.546679 0.249681 0.20364 
0.545577 0.0230762 0.431347 
0.544478 0.435948 0.0195732 
0.543382 0.208689 0.247929 
0.542288 0.323616 0.134095 
0.541197 0.0949865 0.363816 
0.540109 0.382644 0.0772474 
0.539023 0.153059 0.307918 
0.537939 0.268934 0.193127 
0.536859 0.0379921 0.425149 
0.53578 0.415259 0.0489607 
0.534704 0.183574 0.281722 
0.533631 0.300589 0.16578 
0.53256 0.0675597 0.39988 
0.531492 0.360532 0.107977 
0.530426 0.126565 0.343009 
0.529362 0.244511 0.226127 
0.528301 0.00921287 0.462486 
0.527242 0.459831 0.012927 
0.526186 0.223951 0.249863 
0.525132 0.343167 0.131702 
0.52408 0.105967 0.369954 
0.52303 0.404306 0.0726633 
0.521983 0.166186 0.311831 
0.520938 0.286314 0.192747 
0.519896 0.0468852 0.433219 
0.518856 0.437917 0.0432278 
0.517817 0.19777 0.284412 
0.516782 0.319 0.164219 
0.515748 0.077556 0.406696 
0.514717 0.381023 0.10426 
0.513687 0.138675 0.347638 
0.51266 0.260803 0.226537 
0.511635 0.0171691 0.471196 
0.510613 0.460712 0.028675 
0.509592 0.216469 0.273939 
0.508574 0.339775 0.151651 
0.507557 0.0942566 0.398186 
0.506543 0.402862 0.0905957 
0.505531 0.156453 0.338016 
0.50452 0.280643 0.214837 
0.503512 0.0329699 0.463518 
0.502506 0.43725 0.0602434 
0.501502 0.188884 0.309614 
0.5005 0.314139 0.185361 
0.4995 0.0645175 0.435982 
0.498502 0.378082 0.123415 
0.497506 0.127586 0.374907 
0.496512 0.253711 0.249777 
0.49552 0.00197062 0.502509 
0.49453 0.504483 0.000987246 
0.493542 0.25224 0.254218 
0.492555 0.379592 0.127852 
0.491571 0.126114 0.382315 
0.490589 0.44474 0.0646714 
0.489608 0.1904 0.319992 
0.488629 0.318608 0.192763 
0.487652 0.0630428 0.449305 
0.486677 0.480237 0.0330852 
0.485704 0.224 0.290296 
0.484733 0.35324 0.162027 
0.483764 0.095786 0.42045 
0.482796 0.419218 0.0979859 
0.48183 0.160916 0.357254 
0.480866 0.290999 0.228135 
0.479904 0.0314902 0.488606 
0.478943 0.503756 0.0173007 
0.477985 0.243675 0.27834 
0.477028 0.374865 0.148107 
0.476073 0.113586 0.410342 
0.475119 0.441843 0.0830378 
0.474167 0.179728 0.346105 
0.473217 0.311748 0.215034 
0.472269 0.0484441 0.479287 
0.471322 0.478081 0.0505961 
0.470377 0.214125 0.315498 
0.469434 0.347148 0.183418 
0.468493 0.0820099 0.449497 
0.467553 0.414934 0.117513 
0.466615 0.148973 0.384413 
0.465678 0.282815 0.251507 
0.464743 0.0156814 0.519576 
0.46381 0.526765 0.00942522 
0.462878 0.259119 0.278003 
0.461948 0.394081 0.143971 
0.461019 0.125271 0.41371 
0.460093 0.462928 0.076979 
0.459167 0.193305 0.347527 
0.458244 0.329075 0.212682 
0.457321 0.0582955 0.484383 
0.456401 0.500069 0.0435304 
0.455482 0.228655 0.315863 
0.454564 0.365399 0.180036 
0.453648 0.0928371 0.453514 
0.452734 0.435034 0.112232 
0.451821 0.16167 0.386509 
0.45091 0.299211 0.249879 
0.45 0.024707 0.525293 
0.449092 0.524009 0.0268998 
0.448185 0.248963 0.302852 
0.447279 0.387552 0.165168 
0.446376 0.111374 0.442251 
0.445473 0.458134 0.0963924 
0.444572 0.181165 0.374263 
0.443673 0.32054 0.235787 
0.442775 0.0424449 0.51478 
0.441878 0.495987 0.0621347 
0.440983 0.217274 0.341743 
0.440089 0.357599 0.202311 
0.439197 0.0777676 0.483035 
0.438306 0.42895 0.132744 
0.437417 0.148337 0.414246 
0.436529 0.289439 0.274032 
0.435642 0.00771583 0.556642 
0.434757 0.559723 0.00551995 
0.433873 0.277535 0.288592 
0.43299 0.41972 0.14729 
0.432109 0.136427 0.431464 
0.431229 0.49212 0.0766507 
0.430351 0.208055 0.361594 
0.429474 0.351007 0.219519 
0.428598 0.0658451 0.505557 
0.427724 0.53092 0.0413559 
0.426851 0.245156 0.327994 
0.425979 0.389034 0.184987 
0.425109 0.102178 0.472713 
0.42424 0.462183 0.113578 
0.423372 0.174565 0.402063 
0.422505 0.319201 0.258293 
0.42164 0.0304994 0.54786 
0.420776 0.555466 0.0237572 
0.419914 0.266251 0.313836 
0.419052 0.411883 0.169065 
0.418192 0.121589 0.460219 
0.417334 0.485935 0.0967317 
0.416476 0.194888 0.388636 
0.41562 0.341269 0.243111 
0.414765 0.0491506 0.536084 
0.413911 0.525419 0.0606693 
0.413059 0.232713 0.354228 
0.412208 0.379999 0.207794 
0.411357 0.0862269 0.502416 
0.410509 0.454783 0.134708 
0.409661 0.160268 0.430071 
0.408815 0.308294 0.282891 
0.40797 0.0127194 0.579311 
0.407126 0.577821 0.0150535 
0.406283 0.281784 0.311933 
0.405441 0.430823 0.163736 
0.404601 0.133732 0.461667 
0.403762 0.50657 0.0896686 
0.402924 0.208743 0.388333 
0.402087 0.358514 0.239399 
0.401251 0.059641 0.539108 
0.400417 0.546885 0.0526977 
0.399583 0.247437 0.352979 
0.398751 0.398092 0.203156 
0.39792 0.0976028 0.504477 
0.39709 0.474556 0.128354 
0.396262 0.173339 0.430399 
0.395434 0.324718 0.279848 
0.394608 0.0224657 0.582927 
0.393782 0.571881 0.0343366 
0.392958 0.269138 0.337904 
0.392135 0.421469 0.186396 
0.391313 0.117695 0.490992 
0.390492 0.498797 0.110711 
0.389672 0.194304 0.416024 
0.388854 0.347351 0.263796 
0.388036 0.0418335 0.570131 
0.387219 0.539773 0.0730071 
0.386404 0.233694 0.379902 
0.38559 0.387606 0.226804 
0.384776 0.0805078 0.534716 
0.383964 0.465636 0.150399 
0.383153 0.157826 0.459021 
0.382343 0.312448 0.305209 
0.381534 0.00362382 0.614842 
0.380726 0.615645 0.00362856 
0.379919 0.306407 0.313674 
0.379114 0.462027 0.15886 
0.378309 0.15178 0.469911 
0.377505 0.541036 0.0814593 
0.376702 0.230084 0.393213 
0.375901 0.386405 0.237694 
0.3751 0.074451 0.550449 
0.3743 0.582927 0.0427724 
0.373502 0.270422 0.356076 
0.372704 0.42759 0.199705 
0.371908 0.114087 0.514005 
0.371112 0.507287 0.121601 
0.370318 0.193086 0.436596 
0.369524 0.350949 0.279527 
0.368731 0.0357554 0.595513 
0.36794 0.608605 0.0234554 
0.367149 0.292941 0.33991 
0.36636 0.451716 0.181924 
0.365571 0.135064 0.499365 
0.364784 0.532242 0.102975 
0.363997 0.2149 0.421104 
0.363211 0.374362 0.262427 
0.362426 0.0560367 0.581537 
0.361643 0.574771 0.0635864 
0.36086 0.255906 0.383234 
0.360078 0.416199 0.223723 
0.359297 0.0963557 0.544347 
0.358517 0.4974 0.144083 
0.357738 0.176873 0.465389 
0.35696 0.337847 0.305193 
0.356183 0.0163469 0.62747 
0.355407 0.630744 0.0138487 
0.354632 0.308819 0.336549 
0.353858 0.470725 0.175418 
0.353084 0.14783 0.499085 
0.352312 0.552812 0.0948762 
0.35154 0.229241 0.419219 
0.35077 0.391821 0.25741 
0.35 0.0672852 0.582715 
0.349231 0.596114 0.0546544 
0.348463 0.271049 0.380487 
0.347696 0.434444 0.217859 
0.34693 0.10842 0.54465 
0.346165 0.517194 0.136641 
0.345401 0.190499 0.464101 
0.344638 0.354561 0.300801 
0.343875 0.0269114 0.629214 
0.343113 0.622246 0.0346405 
0.342353 0.294143 0.363504 
0.341593 0.459085 0.199322 
0.340834 0.130031 0.529135 
0.340076 0.542633 0.117291 
0.339319 0.212915 0.447767 
0.338562 0.378518 0.28292 
0.337807 0.0478538 0.61434 
0.337052 0.586554 0.0763944 
0.336298 0.25537 0.408332 
0.335545 0.421773 0.242682 
0.334793 0.089647 0.57556 
0.334042 0.505972 0.159986 
0.333292 0.173188 0.49352 
0.332542 0.340247 0.327211 
0.331793 0.00652545 0.661681 
0.331046 0.659809 0.00914586 
0.330299 0.325695 0.344007 
0.329552 0.493669 0.176778 
0.328807 0.158622 0.512571 
0.328063 0.578759 0.0931788 
0.327319 0.243059 0.429623 
0.326576 0.411683 0.261741 
0.325834 0.0750537 0.599112 
0.325093 0.623498 0.051409 
0.324352 0.286359 0.389289 
0.323613 0.455769 0.220619 
0.322874 0.117704 0.559423 
0.322136 0.541497 0.136367 
0.321398 0.202785 0.475816 
0.320662 0.37284 0.306498 
0.319926 0.0332067 0.646867 
0.319192 0.650225 0.0305832 
0.318458 0.310155 0.371387 
0.317724 0.481058 0.201218 
0.316992 0.14007 0.542938 
0.31626 0.567557 0.116182 
0.315529 0.225929 0.458542 
0.314799 0.39747 0.287731 
0.31407 0.054928 0.631002 
0.313341 0.612896 0.0737622 
0.312614 0.269853 0.417534 
0.311887 0.442167 0.245947 
0.31116 0.0982135 0.590626 
0.310435 0.529295 0.16027 
0.30971 0.184706 0.505583 
0.308986 0.357654 0.33336 
0.308263 0.0121594 0.679578 
0.307541 0.672172 0.0202869 
0.306819 0.326282 0.366899 
0.306098 0.500097 0.193805 
0.305378 0.153305 0.541317 
0.304658 0.588053 0.107289 
0.30394 0.24063 0.45543 
0.303222 0.415073 0.281705 
0.302504 0.0667525 0.630743 
0.301788 0.634118 0.0640937 
0.301072 0.285304 0.413623 
0.300357 0.460507 0.239136 
0.299643 0.110799 0.589558 
0.298929 0.549081 0.15199 
0.298217 0.198747 0.503036 
0.297504 0.374573 0.327923 
0.296793 0.0233487 0.679858 
0.296082 0.661298 0.04262 
0.295372 0.309651 0.394977 
0.294663 0.486297 0.21904 
0.293955 0.133762 0.572283 
0.293247 0.575617 0.131136 
0.29254 0.222463 0.484997 
0.291833 0.399727 0.30844 
0.291128 0.045689 0.663183 
0.290423 0.622266 0.0873113 
0.289718 0.267743 0.442539 
0.289015 0.445754 0.265231 
0.288312 0.090351 0.621337 
0.28761 0.535684 0.176706 
0.286908 0.179666 0.533426 
0.286207 0.35829 0.355502 
0.285507 0.00139549 0.713097 
0.284808 0.714494 0.00069843 
0.284109 0.357246 0.358645 
0.283411 0.536742 0.179847 
0.282713 0.178621 0.538665 
0.282017 0.627534 0.0904491 
0.281321 0.268803 0.449876 
0.280625 0.448907 0.270468 
0.279931 0.0893055 0.630764 
0.279237 0.675012 0.0457516 
0.278543 0.314933 0.406524 
0.27785 0.495773 0.226377 
0.277158 0.134827 0.588015 
0.276467 0.587164 0.136369 
0.275776 0.225613 0.498611 
0.275086 0.407056 0.317858 
0.274397 0.0446416 0.680962 
0.273708 0.702886 0.0234059 
0.27302 0.340062 0.386918 
0.272332 0.5223 0.205367 
0.271646 0.158616 0.569738 
0.27096 0.614416 0.114625 
0.270274 0.250131 0.479595 
0.269589 0.432968 0.297443 
0.268905 0.0678262 0.663269 
0.268221 0.66246 0.0693189 
0.267538 0.296847 0.435614 
0.266856 0.48041 0.252734 
0.266174 0.113944 0.619882 
0.265493 0.573116 0.161391 
0.264813 0.206053 0.529134 
0.264133 0.390211 0.345656 
0.263454 0.0222978 0.714248 
0.262775 0.724985 0.0122391 
0.262098 0.356701 0.381202 
0.26142 0.541673 0.196907 
0.260744 0.172541 0.566715 
0.260068 0.635157 0.104776 
0.259392 0.265433 0.475175 
0.258717 0.450995 0.290287 
0.258043 0.080427 0.66153 
0.25737 0.683887 0.0587432 
0.256697 0.312855 0.430448 
0.256024 0.499132 0.244844 
0.255352 0.127259 0.617388 
0.254681 0.593198 0.152121 
0.254011 0.220737 0.525252 
0.253341 0.4076 0.339059 
0.252671 0.0343012 0.713027 
0.252003 0.712204 0.0357928 
0.251335 0.338508 0.410158 
0.250667 0.526143 0.22319 
0.25 0.151611 0.598389 
0.249334 0.620913 0.129754 
0.248668 0.245797 0.505535 
0.248003 0.434014 0.317983 
0.247338 0.0580667 0.694595 
0.246674 0.670195 0.0831307 
0.246011 0.293791 0.460199 
0.245348 0.482712 0.27194 
0.244685 0.105478 0.649836 
0.244024 0.578056 0.17792 
0.243363 0.200243 0.556394 
0.242702 0.389742 0.367556 
0.242042 0.0111029 0.746855 
0.241383 0.75195 0.00666753 
0.240724 0.372965 0.386311 
0.240066 0.563272 0.196663 
0.239408 0.183463 0.577129 
0.238751 0.659402 0.101847 
0.238094 0.279018 0.482887 
0.237439 0.469899 0.292663 
0.236783 0.0886941 0.674523 
0.236128 0.709416 0.0544557 
0.235474 0.327761 0.436765 
0.23482 0.519336 0.245844 
0.234167 0.136863 0.62897 
0.233515 0.616033 0.150453 
0.232862 0.232988 0.534149 
0.232211 0.425133 0.342656 
0.23156 0.0412736 0.727166 
0.23091 0.738297 0.0307937 
0.23026 0.35405 0.41569 
0.22961 0.546946 0.223443 
0.228962 0.161888 0.60915 
0.228314 0.644328 0.127358 
0.227666 0.258702 0.513632 
0.227019 0.452164 0.320817 
0.226372 0.0657281 0.7079 
0.225726 0.694881 0.0793933 
0.225081 0.308 0.466919 
0.224436 0.502148 0.273417 
0.223791 0.11446 0.661748 
0.223147 0.600088 0.176764 
0.222504 0.211837 0.565659 
0.221861 0.406547 0.371592 
0.221219 0.0174922 0.761289 
0.220577 0.760394 0.0190289 
0.219936 0.370988 0.409077 
0.219295 0.566468 0.214236 
0.218655 0.17626 0.605085 
0.218015 0.665145 0.11684 
0.217376 0.274377 0.508247 
0.216738 0.470416 0.312846 
0.216099 0.0788494 0.705051 
0.215462 0.716351 0.0681874 
0.214825 0.324345 0.46083 
0.214188 0.521061 0.264751 
0.213552 0.128259 0.658189 
0.212917 0.620289 0.166794 
0.212282 0.226931 0.560788 
0.211647 0.424202 0.364151 
0.211013 0.0300493 0.758937 
0.21038 0.745667 0.0439535 
0.209747 0.351138 0.439115 
0.209114 0.54914 0.241745 
0.208482 0.15382 0.637697 
0.207851 0.649036 0.143113 
0.20722 0.253163 0.539617 
0.20659 0.451717 0.341693 
0.20596 0.0550555 0.738985 
0.20533 0.700768 0.0939014 
0.204701 0.303674 0.491625 
0.204073 0.502895 0.293032 
0.203445 0.105015 0.69154 
0.202817 0.603336 0.193846 
0.20219 0.204906 0.592903 
0.201564 0.404676 0.39376 
0.200938 0.00546234 0.7936 
0.200313 0.795783 0.00390472 
0.199688 0.396248 0.404064 
0.199063 0.596792 0.204145 
0.198439 0.196476 0.605085 
0.197815 0.697995 0.10419 
0.197192 0.297133 0.505675 
0.19657 0.498221 0.305209 
0.195948 0.0965805 0.707472 
0.195326 0.750453 0.0542212 
0.194705 0.348384 0.456911 
0.194084 0.550132 0.255784 
0.193464 0.147287 0.659249 
0.192845 0.651873 0.155283 
0.192225 0.248485 0.559289 
0.191607 0.450774 0.357619 
0.190988 0.046613 0.762399 
0.19037 0.780375 0.0292542 
0.189753 0.375847 0.4344 
0.189136 0.578849 0.232015 
0.18852 0.173549 0.637931 
0.187904 0.681241 0.130855 
0.187288 0.275401 0.53731 
0.186673 0.478941 0.334385 
0.186059 0.0723327 0.741608 
0.185445 0.734213 0.0803419 
0.184831 0.327182 0.487987 
0.184218 0.531374 0.284408 
0.183605 0.123575 0.692819 
0.182993 0.634297 0.18271 
0.182382 0.225963 0.591656 
0.18177 0.430689 0.38754 
0.181159 0.0215905 0.79725 
0.180549 0.802646 0.0168051 
0.179939 0.393213 0.426848 
0.17933 0.598673 0.221998 
0.178721 0.188477 0.632802 
0.178112 0.702297 0.119591 
0.177504 0.291568 0.530928 
0.176896 0.49756 0.325544 
0.176289 0.0860714 0.73764 
0.175682 0.755893 0.0684248 
0.175076 0.343987 0.480937 
0.17447 0.550622 0.274908 
0.173864 0.137958 0.688177 
0.173259 0.654772 0.171969 
0.172655 0.241578 0.585767 
0.172051 0.448742 0.379207 
0.171447 0.0347928 0.79376 
0.170844 0.786241 0.0429153 
0.170241 0.371933 0.457826 
0.169639 0.579793 0.250568 
0.169037 0.164732 0.666231 
0.168435 0.684579 0.146986 
0.167834 0.268991 0.563175 
0.167234 0.477377 0.35539 
0.166633 0.0610376 0.772329 
0.166034 0.738679 0.0952872 
0.165434 0.321927 0.512639 
0.164835 0.530949 0.304215 
0.164237 0.113448 0.722315 
0.163639 0.636255 0.200106 
0.163041 0.21823 0.618728 
0.162444 0.427775 0.409781 
0.161847 0.00900359 0.829149 
0.161251 0.828101 0.0106482 
0.160655 0.409017 0.430328 
0.16006 0.619292 0.220648 
0.159464 0.199463 0.641073 
0.15887 0.725311 0.11582 
0.158276 0.304961 0.536764 
0.157682 0.515755 0.326563 
0.157088 0.0946629 0.748249 
0.156495 0.780077 0.0634276 
0.155903 0.358576 0.485521 
0.155311 0.57 0.274689 
0.154719 0.147759 0.697522 
0.154128 0.676533 0.16934 
0.153537 0.253774 0.59269 
0.152946 0.465714 0.38134 
0.152356 0.0422166 0.805427 
0.151767 0.810958 0.0372759 
0.151177 0.38711 0.461713 
0.150588 0.599731 0.249681 
0.15 0.175146 0.674854 
0.149412 0.706885 0.143703 
0.148824 0.281786 0.56939 
0.148237 0.494921 0.356842 
0.14765 0.0690869 0.783263 
0.147064 0.762145 0.0907911 
0.146478 0.335908 0.517614 
0.145892 0.549665 0.304443 
0.145307 0.122695 0.731998 
0.144722 0.657328 0.19795 
0.144138 0.229846 0.626016 
0.143554 0.444114 0.412332 
0.14297 0.0159019 0.841128 
0.142387 0.833325 0.0242879 
0.141804 0.404794 0.453402 
0.141222 0.619763 0.239015 
0.14064 0.190503 0.668858 
0.140058 0.728095 0.131847 
0.139477 0.298326 0.562197 
0.138896 0.513803 0.347301 
0.138316 0.0833074 0.778377 
0.137736 0.783953 0.0783111 
0.137156 0.353058 0.509786 
0.136577 0.569151 0.294272 
0.135998 0.137532 0.726471 
0.135419 0.677987 0.186594 
0.134841 0.245861 0.619298 
0.134263 0.462459 0.403278 
0.133686 0.0296103 0.836704 
0.133109 0.81525 0.051641 
0.132532 0.382058 0.485409 
0.131956 0.599323 0.268721 
0.13138 0.165411 0.703209 
0.130805 0.708767 0.160428 
0.13023 0.274351 0.595419 
0.129655 0.492119 0.378226 
0.129081 0.056984 0.813935 
0.128507 0.76511 0.106383 
0.127933 0.32958 0.542487 
0.12736 0.547956 0.324683 
0.126788 0.11171 0.761503 
0.126215 0.657899 0.215886 
0.125643 0.221151 0.653206 
0.125071 0.440028 0.434901 
0.1245 0.00256494 0.872935 
0.123929 0.873504 0.00256661 
0.123359 0.435752 0.440889 
0.122789 0.655339 0.221873 
0.122219 0.216874 0.660908 
0.121649 0.765984 0.112367 
0.12108 0.32702 0.5519 
0.120512 0.547104 0.332385 
0.119943 0.107429 0.772628 
0.119375 0.823006 0.057619 
0.118808 0.38294 0.498252 
0.11824 0.603626 0.278133 
0.117674 0.162851 0.719475 
0.117107 0.714764 0.168129 
0.116541 0.273493 0.609966 
0.115975 0.494674 0.389351 
0.11541 0.0526953 0.831895 
0.114845 0.854901 0.0302543 
0.11428 0.412586 0.473134 
0.113716 0.63442 0.251864 
0.113152 0.1914 0.695448 
0.112588 0.746154 0.141258 
0.112025 0.30264 0.585335 
0.111462 0.524966 0.363572 
0.110899 0.0807484 0.808352 
0.110337 0.803651 0.0860123 
0.109775 0.359046 0.531179 
0.109214 0.581969 0.308817 
0.108653 0.136662 0.754686 
0.108092 0.69419 0.197718 
0.107532 0.248392 0.644076 
0.106971 0.471805 0.421223 
0.106412 0.0253067 0.868282 
0.105852 0.877557 0.0165906 
0.105293 0.430752 0.463954 
0.104735 0.654838 0.240428 
0.104176 0.207334 0.688489 
0.103618 0.767702 0.12868 
0.103061 0.31971 0.577229 
0.102503 0.544283 0.353214 
0.101947 0.0955936 0.80246 
0.10139 0.825773 0.0728366 
0.100834 0.376701 0.522465 
0.100278 0.601865 0.297857 
0.0997223 0.152098 0.74818 
0.0991671 0.715212 0.185621 
0.0986122 0.264959 0.636429 
0.0980577 0.490607 0.411335 
0.0975035 0.0396605 0.862836 
0.0969496 0.858074 0.0449761 
0.0963961 0.406798 0.496806 
0.0958429 0.633087 0.271071 
0.0952901 0.181119 0.723591 
0.0947376 0.747018 0.158244 
0.0941854 0.294567 0.611248 
0.0936336 0.521338 0.385029 
0.0930821 0.068196 0.838722 
0.092531 0.805556 0.101913 
0.0919802 0.352035 0.555985 
0.0914297 0.579391 0.329179 
0.0908795 0.125182 0.783939 
0.0903297 0.693801 0.215869 
0.0897802 0.23911 0.671109 
0.0892311 0.466947 0.443822 
0.0886823 0.0115695 0.899748 
0.0881338 0.902071 0.00979544 
0.0875856 0.446406 0.466009 
0.0870378 0.674914 0.238048 
0.0864903 0.218564 0.694945 
0.0859431 0.789981 0.124076 
0.0853963 0.333152 0.581452 
0.0848497 0.562138 0.353012 
0.0843035 0.104625 0.811071 
0.0837577 0.849135 0.0671076 
0.0832121 0.391246 0.525541 
0.0826669 0.620812 0.296521 
0.082122 0.162242 0.755636 
0.0815774 0.736352 0.18207 
0.0810332 0.277305 0.641661 
0.0804893 0.507347 0.412164 
0.0799457 0.04762 0.872434 
0.0794024 0.88194 0.0386579 
0.0788594 0.42189 0.499251 
0.0783168 0.652559 0.269124 
0.0777744 0.19183 0.730395 
0.0772324 0.768673 0.154095 
0.0766907 0.307469 0.61584 
0.0761494 0.538612 0.385238 
0.0756083 0.0767317 0.84766 
0.0750676 0.828284 0.0966482 
0.0745271 0.366032 0.559441 
0.073987 0.597749 0.328264 
0.0734472 0.134821 0.791732 
0.0729078 0.714332 0.21276 
0.0723686 0.250932 0.6767 
0.0718298 0.48312 0.44505 
0.0712912 0.0190458 0.909663 
0.070753 0.904745 0.0245016 
0.0702151 0.440377 0.489408 
0.0696775 0.673212 0.257111 
0.0691402 0.208171 0.722689 
0.0686032 0.790414 0.140983 
0.0680665 0.324903 0.607031 
0.0675302 0.558207 0.374263 
0.0669941 0.092025 0.840981 
0.0664584 0.85058 0.0829612 
0.0659229 0.38403 0.550047 
0.0653878 0.617903 0.316709 
0.064853 0.150683 0.784464 
0.0643184 0.73557 0.200112 
0.0637842 0.267882 0.668334 
0.0632503 0.502222 0.434527 
0.0627167 0.0338667 0.903417 
0.0621834 0.883782 0.0540344 
0.0616504 0.41511 0.52324 
0.0611177 0.650066 0.288816 
0.0605853 0.180727 0.758687 
0.0600532 0.768296 0.17165 
0.0595214 0.298492 0.641987 
0.0589899 0.533913 0.407097 
0.0584587 0.0634437 0.878098 
0.0579278 0.828913 0.113159 
0.0573972 0.358079 0.584524 
0.0568669 0.594063 0.34907 
0.0563369 0.122566 0.821097 
0.0558072 0.712755 0.231438 
0.0552778 0.240793 0.703929 
0.0547487 0.477241 0.46801 
0.0542199 0.00461807 0.941162 
0.0536914 0.93984 0.00646891 
0.0531632 0.466946 0.479891 
0.0526352 0.704047 0.243317 
0.0521076 0.230493 0.717399 
0.0515803 0.823384 0.125036 
0.0510532 0.349368 0.599579 
0.0505265 0.58693 0.362543 
0.05 0.112256 0.837744 
0.0494738 0.884621 0.0659056 
0.048948 0.409584 0.541468 
0.0484224 0.647705 0.303873 
0.0478971 0.172011 0.780092 
0.0473721 0.767498 0.18513 
0.0468473 0.291345 0.661808 
0.0463229 0.529924 0.423753 
0.0457988 0.0531147 0.901087 
0.0452749 0.918363 0.0363616 
0.0447513 0.441243 0.514006 
0.0442281 0.680427 0.275344 
0.0437051 0.202652 0.753643 
0.0431824 0.800774 0.156044 
0.0426599 0.322541 0.634799 
0.0421378 0.562183 0.395679 
0.0416159 0.0832971 0.875087 
0.0410944 0.862453 0.0964524 
0.0405731 0.383209 0.576218 
0.0400521 0.623404 0.336544 
0.0395314 0.143508 0.816961 
0.0390109 0.744203 0.216786 
0.0384908 0.263852 0.697658 
0.0379709 0.504502 0.457528 
0.0374513 0.0234997 0.939049 
0.036932 0.941437 0.0216314 
0.036413 0.46015 0.503437 
0.0358942 0.701425 0.262681 
0.0353757 0.21949 0.745135 
0.0348575 0.822822 0.142321 
0.0343396 0.340433 0.625227 
0.033822 0.58216 0.384018 
0.0333046 0.099124 0.867571 
0.0327875 0.885037 0.0821753 
0.0322707 0.401645 0.566084 
0.0317542 0.643921 0.324325 
0.0312379 0.159884 0.808879 
0.0307219 0.765768 0.203511 
0.0302062 0.281278 0.688516 
0.0296908 0.524005 0.446304 
0.0291756 0.0388709 0.931953 
0.0286607 0.919168 0.0521715 
0.0281461 0.433728 0.538126 
0.0276318 0.677049 0.295319 
0.0271177 0.190966 0.781916 
0.0266039 0.79944 0.173957 
0.0260904 0.312907 0.661003 
0.0255771 0.556677 0.417746 
0.0250641 0.0695023 0.905434 
0.0245514 0.862091 0.113358 
0.0240389 0.374563 0.601398 
0.0235268 0.618878 0.357595 
0.0230148 0.13071 0.846275 
0.0225032 0.741714 0.235783 
0.0219918 0.253098 0.72491 
0.0214807 0.49786 0.480659 
0.0209699 0.00860476 0.970425 
0.0204593 0.965192 0.0143487 
0.019949 0.475669 0.504382 
0.0194389 0.721057 0.259504 
0.0189292 0.230897 0.750174 
0.0184196 0.844504 0.137076 
0.0179104 0.353898 0.628192 
0.0174014 0.599731 0.382868 
0.0168927 0.108487 0.87462 
0.0163842 0.907731 0.0758844 
0.015876 0.416138 0.567986 
0.0153681 0.662511 0.322121 
0.0148604 0.170283 0.814857 
0.014353 0.7864 0.199247 
0.0138459 0.293728 0.692427 
0.013339 0.540544 0.446117 
0.0128323 0.0472375 0.93993 
0.012326 0.942341 0.0453327 
0.0118199 0.448734 0.539446 
0.011314 0.696135 0.292551 
0.0108084 0.201896 0.787296 
0.0103031 0.820559 0.169138 
0.009798 0.325877 0.664325 
0.00929318 0.57372 0.416987 
0.00878862 0.0784064 0.912805 
0.00828431 0.884215 0.1075 
0.00778027 0.388555 0.603665 
0.00727647 0.636933 0.355791 
0.00677294 0.140643 0.852585 
0.00626965 0.761795 0.231935 
0.00576663 0.265064 0.729169 
0.00526385 0.513882 0.480854 
0.00476134 0.0165225 0.978716 
0.00425907 0.965596 0.0301445 
0.00375706 0.467962 0.528281 
0.0032553 0.717384 0.279361 
0.00275379 0.219121 0.778125 
0.00225254 0.842824 0.154924 
0.00175153 0.344123 0.654126 
0.00125078 0.593983 0.404767 
0.000750281 0.0946555 0.904594 
0.000250031 0.907 0.0927502 
